n=10000000
pi_est=3.1415028000
abs_error=0.0000898536
time_seconds=0.193276
samples_per_second=51739588.44
time_per_sample=1.932756000000e-08
