n=1000000
pi_est=3.1405800000
abs_error=0.0010126536
time_seconds=0.019283
samples_per_second=51858612.68
time_per_sample=1.928320000000e-08
