n=10000
pi_est=3.1600000000
abs_error=0.0184073464
time_seconds=0.000184
samples_per_second=54347826.09
time_per_sample=1.839999999902e-08
