n=100000
pi_est=3.1405200000
abs_error=0.0010726536
time_seconds=0.001905
samples_per_second=52493438.32
time_per_sample=1.905000000000e-08
