n=1000
pi_est=3.1400000000
abs_error=0.0015926536
time_seconds=0.000029
samples_per_second=34013605.29
time_per_sample=2.940000013041e-08
