n=1000000
pi_est=3.1402920000
abs_error=0.0013006536
time_seconds=0.017481
samples_per_second=57203656.46
time_per_sample=1.748140000018e-08
