n=1000
pi_est=3.1360000000
abs_error=0.0055926536
time_seconds=0.088328
samples_per_second=11321.46
time_per_sample=8.832780004013e-05
