n=1000
pi_est=3.1280000000
abs_error=0.0135926536
time_seconds=0.000284
samples_per_second=3516174.98
time_per_sample=2.843999536708e-07
