n=1000
pi_est=3.2080000000
abs_error=0.0664073464
time_seconds=0.000238
samples_per_second=4208753.09
time_per_sample=2.376000629738e-07
